$ 1 0.000005 1.3241202019156522 51 5 43 5e-11
I 320 160 368 160 0 0.5 5
150 384 192 496 192 0 2 5 5
152 256 272 368 272 0 2 5 5
w 384 208 368 272 0
w 256 288 256 320 0
w 256 320 496 320 0
w 496 192 496 320 0
r 496 192 576 192 0 1000
162 576 192 672 192 2 default-led 1 0 0 0.01
g 672 192 672 240 0 0
a 176 160 256 160 9 15 -15 1000000 3.333333333333333 0 100000
a 176 256 256 256 9 15 -15 1000000 5 1.6666666666666665 100000
r 128 48 128 176 0 5000
r 128 176 128 240 0 5000
r 128 240 128 336 0 5000
R 128 48 128 32 0 0 40 5 0 0 0.5
w 176 176 128 176 0
w 128 240 176 240 0
w 176 144 96 144 0
g 96 144 96 176 0 0
w 176 272 96 272 0
w 368 160 384 176 0
S 448 384 448 352 0 1 false 0 2
w 496 352 464 352 0
R 96 224 96 192 0 0 40 5 0 0 0.5
r 96 224 96 272 0 1000
w 96 272 96 336 0
w 432 352 144 352 0
w 144 352 96 352 0
w 96 352 96 336 0
g 128 336 128 368 0 0
g 448 384 448 400 0 0
w 320 160 256 160 0
w 576 192 576 352 0
w 496 352 576 352 0
o 8 1 0 4099 0.0000762939453125 0.00009765625 0 2 8 3
